#the number of patterns to be recognized
11

#marker 1
Data/multi/marker_a.pat
40.0
0.0 0.0
1.0000 0.0000 0.0000 0.0000
0.0000 1.0000 0.0000 0.0000
0.0000 0.0000 1.0000 0.0000

#marker 2
Data/multi/marker_b.pat
40.0
0.0 0.0
1.0000 0.0000 0.0000  80.0000
0.0000 1.0000 0.0000    0.0000
0.0000 0.0000 1.0000    0.0000

#marker 3
Data/multi/marker_c.pat
40.0
0.0 0.0
1.0000 0.0000 0.0000  300.0000
0.0000 1.0000 0.0000    0.0000
0.0000 0.0000 1.0000    0.0000

#marker 4
Data/multi/marker_d.pat
40.0
0.0 0.0
1.0000 0.0000 0.0000  390.0000
0.0000 1.0000 0.0000 	0.0000
0.0000 0.0000 1.0000    0.0000

#marker 5
Data/multi/marker_e.pat
40.0
0.0 0.0
1.0000 0.0000 0.0000  	0.0000
0.0000 1.0000 0.0000 -125.0000
0.0000 0.0000 1.0000    0.0000

#marker 6
Data/multi/marker_g.pat
40.0
0.0 0.0
1.0000 0.0000 0.0000  165.0000
0.0000 1.0000 0.0000 -120.0000
0.0000 0.0000 1.0000    0.0000

#marker 7
Data/multi/marker_k.pat
40.0
0.0 0.0
1.0000 0.0000 0.0000  225.0000
0.0000 1.0000 0.0000 -120.0000
0.0000 0.0000 1.0000    0.0000

#marker 8
Data/multi/marker_l.pat
40.0
0.0 0.0
1.0000 0.0000 0.0000 390.0000
0.0000 1.0000 0.0000 -120.0000
0.0000 0.0000 1.0000    0.0000

#marker 11
Data/multi/marker_1.pat
40.0
0.0 0.0
1.0000 0.0000 0.0000  425.0000
0.0000 1.0000 0.0000 	-60.0000
0.0000 0.0000 1.0000    0.0000

#marker 12
Data/multi/marker_2.pat
40.0
0.0 0.0
1.0000 0.0000 0.0000  161.0000
0.0000 1.0000 0.0000    1.0000
0.0000 0.0000 1.0000    0.0000

#marker 13
Data/multi/marker_3.pat
40.0
0.0 0.0
1.0000 0.0000 0.0000  308.0000
0.0000 1.0000 0.0000 -120.0000
0.0000 0.0000 1.0000    0.0000